745.852 
741.533 
739.117 
742.563 
742.442 
742.806 
740.352 
740.134 
723.741 
748.613 
741.847 
742.632 
743.404 
731.161 
 747.03 
732.519 
 741.69 
747.289 
744.882 
728.588 
744.386 
741.116 
743.098 
723.407 
 740.82 
732.795 
 739.48 
745.798 
732.231 
740.644 
747.559 
729.666 
737.728 
728.081 
733.229 
736.509 
732.619 
738.946 
722.495 
728.319 
741.168 
747.997 
736.265 
726.118 
730.186 
734.327 
737.577 
720.718 
722.437 
745.757 
736.355 
745.354 
743.717 
  735.6 
745.389 
744.783 
725.914 
717.323 
745.126 
743.495 
735.076 
742.137 
731.252 
736.793 
741.451 
727.809 
734.631 
746.715 
730.618 
741.366 
745.875 
750.753 
728.832 
727.046 
744.717 
741.977 
745.556 
744.896 
739.223 
745.512 
735.237 
735.521 
 733.53 
747.159 
728.256 
732.082 
746.362 
743.175 
749.565 
739.058 
733.177 
740.852 
734.724 
722.866 
 744.59 
742.617 
725.713 
 737.13 
746.602 
737.053 
736.034 
724.189 
736.363 
752.979 
 737.57 
738.156 
742.309 
733.952 
735.477 
 728.17 
 731.97 
732.886 
726.227 
751.179 
736.979 
735.249 
730.822 
731.639 
 740.77 
 736.38 
743.305 
744.899 
733.426 
735.607 
 723.43 
736.004 
745.646 
 738.45 
729.879 
736.195 
753.544 
734.091 
 743.98 
739.537 
724.001 
725.103 
741.556 
735.143 
736.684 
734.009 
746.536 
742.715 
741.974 
734.798 
731.275 
741.465 
751.538 
 732.27 
739.719 
730.701 
744.452 
726.285 
733.114 
737.447 
743.575 
732.705 
 742.79 
738.021 
 741.68 
751.204 
725.254 
741.992 
752.319 
740.072 
726.379 
746.884 
735.563 
727.221 
735.084 
