743.712 
 731.19 
744.967 
742.552 
720.624 
701.924 
747.537 
736.825 
708.478 
 742.73 
708.973 
724.145 
748.784 
739.749 
687.921 
710.944 
739.423 
 745.97 
736.929 
728.806 
741.147 
710.938 
746.562 
748.622 
683.479 
722.253 
726.222 
699.773 
745.295 
737.442 
701.056 
743.673 
748.366 
711.326 
 744.36 
702.835 
737.146 
743.199 
739.073 
711.446 
743.632 
719.725 
745.389 
745.061 
699.604 
743.045 
708.293 
741.428 
739.308 
704.059 
699.659 
724.356 
 695.03 
721.743 
745.177 
716.192 
738.186 
720.497 
  741.3 
719.211 
701.626 
741.143 
721.197 
735.095 
725.987 
  742.8 
702.594 
746.442 
735.927 
714.683 
700.185 
705.271 
708.467 
746.372 
741.538 
731.934 
737.153 
741.684 
747.343 
737.789 
724.365 
 683.23 
725.905 
723.846 
708.259 
686.166 
 741.24 
744.067 
732.222 
716.836 
744.977 
709.284 
722.887 
708.039 
728.498 
 744.59 
734.447 
725.012 
737.228 
742.946 
741.217 
709.739 
 738.62 
 707.76 
687.373 
735.156 
687.237 
745.755 
739.713 
743.568 
743.026 
745.985 
 740.88 
743.945 
747.541 
746.054 
739.858 
744.868 
727.009 
686.618 
746.691 
698.967 
 689.28 
683.695 
712.107 
  742.7 
711.408 
708.727 
742.751 
710.502 
733.669 
743.571 
744.521 
737.799 
707.538 
745.653 
717.298 
744.242 
719.827 
679.651 
742.159 
740.362 
742.028 
710.213 
726.153 
716.642 
724.223 
705.992 
739.648 
745.203 
 741.38 
744.696 
743.079 
687.048 
711.764 
743.946 
  700.3 
742.324 
745.436 
709.627 
708.988 
