 736.18 
744.182 
737.917 
735.778 
720.941 
 743.99 
 741.95 
730.113 
727.797 
742.307 
732.014 
732.565 
737.294 
 734.75 
730.255 
745.415 
733.963 
742.675 
743.094 
730.597 
 736.05 
735.525 
 744.75 
722.449 
734.744 
 732.92 
744.423 
 719.31 
731.507 
738.255 
738.253 
737.115 
736.031 
738.622 
739.834 
742.474 
736.126 
740.061 
741.489 
742.617 
746.286 
741.846 
734.082 
743.421 
722.603 
739.244 
 740.22 
 744.17 
732.193 
735.314 
729.525 
 741.34 
736.354 
 743.66 
743.508 
 728.02 
744.058 
728.378 
727.311 
734.136 
744.901 
736.256 
736.499 
732.381 
728.571 
739.222 
732.739 
730.801 
741.492 
745.715 
744.894 
742.097 
717.338 
743.524 
725.539 
744.686 
743.476 
743.352 
738.418 
732.079 
739.687 
731.427 
747.057 
741.342 
  731.8 
 738.12 
 728.29 
737.814 
744.975 
733.652 
    735 
723.284 
744.019 
726.854 
742.327 
744.942 
732.888 
  745.2 
731.892 
734.875 
725.386 
722.195 
747.271 
743.655 
743.903 
741.363 
 745.05 
745.542 
737.415 
734.583 
738.343 
713.484 
719.607 
741.885 
736.607 
739.621 
745.023 
728.065 
736.473 
732.415 
733.016 
744.404 
722.731 
740.571 
730.535 
737.887 
719.862 
 747.12 
 732.58 
 741.64 
742.413 
731.586 
736.257 
730.509 
738.992 
743.233 
745.367 
721.442 
  735.2 
747.297 
 740.68 
743.994 
738.728 
