620.809 
632.106 
633.622 
623.138 
593.997 
592.227 
594.177 
633.081 
632.184 
627.568 
631.665 
634.825 
637.741 
632.288 
596.312 
633.942 
629.437 
617.603 
625.093 
592.602 
626.952 
637.174 
620.266 
631.721 
627.056 
621.974 
610.132 
616.411 
622.734 
630.759 
611.778 
633.653 
594.037 
632.849 
616.089 
637.464 
628.513 
615.625 
606.529 
634.139 
632.637 
627.436 
616.723 
625.274 
622.153 
594.032 
617.749 
628.664 
630.431 
628.568 
592.102 
617.007 
628.064 
624.475 
627.478 
625.909 
621.974 
607.647 
629.923 
616.502 
  634.2 
630.689 
591.917 
606.791 
 628.06 
607.128 
620.103 
632.932 
633.715 
 594.27 
622.919 
620.421 
632.855 
632.992 
589.989 
629.703 
603.643 
576.773 
 634.88 
622.339 
609.979 
619.856 
632.515 
632.424 
623.451 
594.104 
614.487 
630.307 
618.623 
618.305 
623.545 
629.901 
618.375 
607.669 
620.197 
617.987 
585.142 
600.334 
587.988 
618.086 
 621.21 
628.597 
616.729 
634.984 
589.293 
615.382 
619.427 
617.578 
624.547 
625.116 
616.957 
 622.68 
612.293 
594.942 
608.556 
632.137 
622.931 
622.903 
631.821 
632.332 
630.663 
 634.99 
615.548 
611.501 
635.128 
619.187 
625.506 
594.805 
620.757 
614.733 
629.853 
 610.18 
628.881 
628.109 
615.768 
595.953 
612.904 
 635.82 
618.269 
620.638 
612.325 
626.765 
601.092 
 615.78 
632.333 
615.496 
625.398 
613.148 
627.473 
625.494 
612.939 
633.067 
 619.93 
 617.52 
637.868 
627.848 
621.708 
619.081 
635.345 
621.619 
620.932 
622.009 
624.711 
634.662 
622.083 
591.426 
635.889 
634.984 
624.842 
614.283 
590.749 
620.837 
634.471 
630.328 
621.442 
623.485 
629.977 
614.311 
615.189 
592.452 
589.486 
628.683 
622.464 
620.986 
622.273 
622.623 
585.311 
632.738 
623.226 
617.723 
632.072 
614.193 
629.583 
595.667 
631.109 
630.453 
635.634 
 621.57 
