706.359 
745.488 
741.502 
745.143 
741.817 
694.362 
745.343 
747.744 
733.473 
751.212 
746.401 
709.403 
727.943 
741.192 
743.191 
 749.07 
748.725 
744.363 
749.073 
746.993 
748.324 
735.819 
740.701 
734.777 
689.259 
727.268 
749.133 
748.845 
748.976 
713.042 
743.944 
739.929 
737.196 
732.923 
737.309 
733.563 
737.024 
730.822 
742.697 
717.173 
737.897 
736.301 
741.237 
716.004 
733.475 
732.428 
747.365 
738.331 
754.847 
746.073 
747.285 
749.724 
756.179 
746.891 
746.832 
746.793 
737.405 
728.844 
734.467 
732.007 
745.923 
733.432 
 748.43 
 748.62 
 743.42 
729.741 
737.895 
691.548 
750.817 
750.208 
745.968 
747.546 
744.985 
753.758 
694.793 
733.819 
691.502 
747.165 
748.033 
733.004 
742.733 
756.915 
697.964 
743.812 
747.069 
744.496 
731.171 
745.766 
736.045 
753.835 
717.566 
741.271 
733.519 
746.142 
749.007 
744.225 
746.684 
747.194 
723.557 
697.929 
 700.06 
747.939 
753.686 
741.331 
742.555 
712.251 
742.798 
701.035 
736.754 
745.845 
746.749 
740.374 
746.728 
742.158 
745.269 
748.543 
750.342 
 745.59 
 731.15 
746.968 
694.008 
701.398 
 732.61 
746.145 
751.637 
749.075 
753.249 
713.395 
