740.012 
743.472 
744.605 
727.069 
713.448 
 714.79 
707.058 
713.422 
742.065 
 726.65 
739.421 
698.646 
710.999 
 694.41 
741.875 
 727.01 
717.758 
705.618 
698.373 
708.413 
713.226 
738.458 
738.974 
709.238 
704.536 
715.307 
  740.5 
744.562 
712.811 
 741.28 
713.823 
713.337 
741.263 
741.545 
706.524 
744.858 
742.126 
718.818 
743.508 
729.223 
740.982 
 708.32 
731.142 
706.241 
737.398 
713.137 
741.458 
712.228 
714.784 
742.784 
 729.43 
741.923 
742.836 
741.818 
713.548 
713.629 
704.337 
744.169 
701.449 
740.409 
705.716 
 739.96 
705.124 
742.083 
741.679 
741.522 
707.689 
744.402 
716.236 
712.025 
747.016 
743.256 
712.028 
744.958 
699.221 
729.974 
 743.64 
712.695 
 740.79 
708.258 
741.755 
710.695 
716.839 
713.893 
741.531 
706.865 
705.961 
 740.82 
709.229 
713.279 
737.085 
730.411 
713.259 
725.879 
 703.79 
700.195 
702.498 
743.479 
738.909 
743.218 
725.813 
730.244 
715.789 
744.868 
742.601 
 743.16 
713.733 
743.519 
741.555 
703.917 
 726.56 
740.126 
722.767 
748.232 
706.219 
706.001 
 700.51 
715.284 
729.869 
 720.58 
716.249 
738.568 
743.007 
703.495 
709.585 
721.641 
704.977 
740.519 
  707.8 
703.941 
