727.696 
745.018 
731.716 
714.569 
729.431 
 722.06 
709.428 
724.635 
741.825 
717.817 
726.331 
720.149 
744.826 
 746.01 
741.937 
726.334 
743.553 
 745.12 
707.296 
725.816 
738.618 
732.704 
742.991 
712.132 
741.955 
 725.08 
741.235 
710.356 
 741.59 
725.162 
740.396 
711.425 
701.962 
732.138 
707.586 
 707.48 
722.878 
707.625 
704.749 
703.645 
728.117 
736.401 
731.734 
732.469 
746.734 
730.943 
746.457 
707.999 
727.616 
728.351 
703.228 
724.506 
 743.43 
735.107 
 708.46 
709.847 
741.996 
709.746 
711.009 
 722.88 
731.813 
705.599 
718.895 
744.696 
744.817 
712.458 
746.426 
707.261 
726.817 
719.141 
744.012 
710.574 
718.307 
705.075 
727.402 
709.037 
741.207 
740.297 
711.549 
723.253 
706.716 
733.654 
736.516 
 745.09 
723.783 
702.481 
 720.07 
745.651 
732.919 
740.945 
 731.23 
702.687 
738.676 
727.753 
739.088 
716.573 
746.097 
735.271 
745.688 
737.607 
718.843 
721.549 
748.227 
730.736 
741.286 
699.631 
720.728 
742.597 
711.526 
703.639 
707.516 
715.359 
 715.36 
741.992 
712.723 
736.536 
727.085 
741.361 
 745.97 
718.851 
706.445 
706.041 
721.994 
716.946 
716.614 
719.449 
733.648 
731.616 
744.871 
724.659 
732.395 
 721.38 
708.232 
712.301 
743.622 
714.874 
720.268 
702.073 
 746.68 
717.882 
734.314 
742.276 
728.021 
735.784 
710.207 
743.364 
738.319 
725.279 
708.168 
717.025 
743.084 
 740.85 
741.686 
738.144 
726.692 
709.969 
733.065 
723.371 
711.755 
744.879 
739.885 
712.766 
728.769 
728.044 
737.553 
744.057 
720.264 
718.545 
746.707 
733.735 
704.091 
737.825 
744.745 
711.937 
 721.03 
715.204 
741.084 
749.679 
744.356 
743.854 
720.425 
744.455 
731.652 
711.725 
718.577 
731.594 
733.749 
733.417 
 741.39 
743.626 
 741.03 
728.502 
745.612 
