621.205 
625.279 
620.909 
614.611 
621.888 
609.717 
610.874 
 573.11 
620.035 
629.314 
605.234 
 628.21 
629.746 
626.704 
598.929 
612.542 
628.823 
620.246 
627.555 
624.809 
608.069 
610.493 
 615.97 
618.343 
612.925 
613.175 
626.736 
617.315 
613.183 
613.867 
624.031 
629.886 
 623.92 
624.775 
617.617 
615.548 
626.778 
614.937 
 618.64 
603.457 
592.746 
607.039 
606.931 
592.831 
618.592 
 612.07 
623.175 
591.364 
619.396 
618.483 
628.914 
616.928 
604.255 
620.706 
631.878 
624.536 
 615.52 
615.064 
 627.31 
605.647 
626.532 
627.484 
613.562 
621.091 
606.473 
635.799 
 629.58 
606.404 
622.703 
615.826 
589.824 
 619.81 
610.222 
 622.75 
 583.55 
615.767 
626.982 
624.189 
 579.69 
622.832 
612.106 
629.885 
613.751 
623.457 
624.635 
619.881 
618.508 
615.128 
603.478 
585.132 
632.169 
 620.12 
634.955 
630.872 
628.284 
617.349 
621.497 
634.315 
594.041 
596.074 
618.613 
590.202 
609.872 
626.554 
618.485 
618.658 
621.516 
628.511 
 626.17 
615.824 
620.039 
614.802 
607.994 
619.486 
622.185 
618.089 
607.923 
591.834 
635.207 
589.242 
614.335 
625.773 
624.215 
628.006 
634.681 
614.127 
585.749 
615.992 
633.693 
632.339 
620.342 
  622.9 
620.951 
608.851 
617.656 
619.227 
592.089 
603.865 
621.662 
617.663 
638.447 
622.734 
590.216 
614.759 
625.819 
581.549 
587.917 
612.585 
607.916 
631.908 
622.016 
596.214 
616.822 
600.735 
624.423 
625.556 
619.369 
628.681 
621.447 
616.146 
630.401 
621.916 
616.301 
620.318 
615.012 
620.779 
587.078 
614.056 
582.966 
616.413 
618.847 
624.796 
589.705 
590.704 
608.585 
622.922 
602.926 
594.775 
 594.99 
602.671 
616.787 
619.253 
624.306 
621.412 
594.895 
616.434 
628.023 
611.032 
590.655 
612.269 
636.645 
613.615 
604.948 
626.619 
625.574 
634.436 
617.707 
  628.2 
