696.348 
742.393 
729.241 
713.843 
712.962 
739.219 
741.292 
692.072 
704.788 
742.197 
732.263 
686.379 
740.202 
739.398 
677.767 
744.418 
745.895 
720.042 
738.421 
735.525 
742.894 
743.657 
 699.27 
705.729 
700.501 
700.329 
713.697 
741.785 
736.616 
742.507 
 729.26 
 707.37 
721.852 
709.537 
734.443 
722.132 
705.786 
732.938 
712.753 
704.807 
703.377 
696.302 
703.061 
721.603 
703.605 
 738.12 
716.955 
738.598 
728.844 
737.221 
717.731 
 701.73 
697.142 
733.229 
738.361 
723.061 
 743.93 
735.768 
716.895 
735.927 
722.284 
723.226 
 727.72 
738.912 
 700.45 
740.533 
738.811 
707.632 
741.404 
689.545 
698.619 
707.834 
737.758 
692.947 
718.577 
 704.54 
722.692 
705.769 
718.658 
732.666 
717.858 
718.573 
696.721 
735.508 
728.995 
735.028 
720.396 
721.959 
740.335 
739.455 
737.012 
711.636 
728.225 
709.728 
698.847 
737.876 
728.484 
704.749 
716.685 
 732.72 
740.343 
707.908 
700.134 
708.458 
705.902 
684.275 
739.961 
721.007 
697.928 
696.371 
708.393 
687.624 
721.778 
727.195 
 724.16 
691.787 
703.163 
691.893 
 737.98 
715.874 
727.939 
 720.22 
700.845 
686.381 
 722.71 
737.719 
705.941 
698.421 
742.824 
708.594 
699.075 
740.302 
693.313 
 724.81 
685.615 
742.738 
 710.49 
 709.13 
720.988 
723.676 
744.928 
714.333 
726.108 
724.658 
742.097 
740.369 
694.395 
741.905 
729.902 
710.083 
687.414 
704.138 
700.344 
746.861 
691.455 
707.343 
726.692 
703.056 
728.076 
701.761 
739.096 
736.631 
705.727 
730.458 
729.052 
734.797 
745.636 
685.216 
740.394 
739.257 
710.885 
746.238 
714.035 
734.786 
704.201 
681.203 
 726.96 
732.279 
710.161 
716.871 
726.061 
710.477 
 732.75 
703.421 
738.232 
700.512 
736.552 
719.074 
692.492 
711.174 
724.137 
728.214 
717.126 
702.366 
742.378 
699.797 
 704.05 
712.139 
