127.159 
 125.87 
128.269 
 130.99 
 128.32 
125.896 
130.894 
128.559 
126.608 
130.566 
131.181 
126.278 
132.137 
127.664 
133.507 
126.747 
126.754 
130.543 
131.587 
131.013 
130.914 
125.604 
 131.66 
126.194 
126.159 
130.757 
128.622 
 128.48 
132.488 
131.639 
130.656 
128.621 
128.508 
127.446 
125.843 
126.766 
130.944 
127.417 
126.902 
128.293 
132.194 
131.527 
 127.78 
127.377 
 127.14 
126.371 
131.459 
126.579 
127.734 
131.368 
131.447 
132.115 
129.673 
132.321 
126.744 
127.395 
131.407 
126.102 
128.916 
131.987 
129.024 
132.139 
131.409 
130.955 
131.872 
129.892 
132.948 
126.448 
132.854 
126.208 
128.039 
129.433 
128.466 
123.667 
127.037 
127.387 
131.737 
132.264 
127.707 
127.504 
131.055 
126.978 
 128.49 
132.187 
128.353 
130.854 
129.664 
132.142 
132.116 
127.481 
125.619 
131.544 
127.058 
131.832 
125.615 
127.419 
125.379 
125.997 
131.809 
126.918 
127.461 
131.802 
 130.03 
127.641 
130.725 
129.561 
128.907 
131.519 
132.737 
133.116 
128.957 
127.136 
131.087 
126.859 
133.432 
131.853 
126.948 
126.469 
127.044 
127.622 
128.001 
128.552 
127.276 
 126.63 
127.547 
126.845 
127.073 
126.297 
130.645 
131.048 
132.332 
126.062 
126.423 
 131.85 
128.945 
132.271 
 131.43 
 127.66 
127.056 
132.108 
126.247 
125.003 
128.896 
127.417 
126.614 
131.982 
128.982 
131.498 
127.628 
127.509 
130.714 
132.104 
127.499 
131.155 
126.675 
129.152 
126.638 
129.428 
127.087 
 129.68 
129.738 
131.621 
127.193 
  127.3 
131.956 
131.386 
126.743 
 130.53 
126.982 
127.877 
127.704 
126.847 
129.036 
128.079 
127.834 
 127.35 
 128.95 
131.742 
130.608 
128.016 
132.008 
 125.94 
131.151 
125.784 
131.305 
127.241 
128.144 
128.714 
130.862 
131.265 
127.986 
132.516 
126.662 
130.611 
133.019 
128.812 
130.852 
131.978 
126.465 
 127.46 
132.497 
126.339 
127.752 
127.385 
128.366 
127.605 
127.314 
130.203 
125.984 
131.418 
126.381 
132.077 
131.232 
  127.3 
131.182 
126.462 
127.036 
 131.48 
130.288 
132.097 
131.814 
127.985 
127.467 
128.453 
124.258 
132.251 
131.652 
127.491 
127.929 
127.028 
126.242 
128.132 
126.938 
128.241 
131.671 
128.868 
131.845 
129.801 
131.384 
132.981 
132.408 
126.368 
 126.27 
133.297 
 127.84 
 127.31 
128.386 
126.404 
127.959 
127.131 
125.764 
127.455 
132.075 
128.348 
  125.5 
129.159 
 126.17 
126.935 
130.995 
127.279 
132.105 
128.502 
128.483 
128.705 
127.502 
128.117 
126.986 
131.857 
 127.86 
126.077 
127.202 
127.917 
127.642 
128.804 
130.519 
126.411 
126.181 
131.013 
127.267 
128.822 
130.196 
129.085 
131.515 
132.641 
127.256 
131.382 
125.957 
132.295 
128.203 
128.216 
 131.76 
131.718 
126.338 
129.825 
130.644 
126.466 
132.216 
127.157 
131.142 
126.767 
131.831 
131.328 
129.509 
130.137 
126.821 
126.498 
127.746 
129.291 
127.714 
131.666 
 127.94 
128.595 
127.983 
129.174 
131.976 
 126.47 
126.668 
127.062 
127.983 
130.396 
125.415 
131.169 
129.841 
130.723 
127.211 
132.189 
127.275 
 126.91 
130.047 
131.938 
127.054 
128.285 
132.924 
131.448 
128.386 
131.931 
130.332 
129.212 
127.223 
130.657 
127.903 
130.907 
126.027 
131.607 
126.036 
132.135 
 125.18 
131.787 
131.713 
131.894 
124.868 
127.871 
132.852 
126.962 
137.831 
131.893 
126.696 
127.081 
132.039 
129.634 
127.288 
126.026 
132.351 
132.314 
125.831 
131.191 
127.037 
125.661 
127.301 
127.353 
126.188 
128.653 
128.697 
130.179 
132.065 
 131.38 
 128.79 
132.292 
131.529 
 127.55 
131.179 
131.398 
126.918 
127.513 
128.102 
133.802 
132.684 
128.697 
129.721 
 135.47 
126.957 
125.997 
 129.88 
130.452 
128.691 
127.356 
127.847 
127.535 
126.366 
129.831 
126.711 
126.322 
126.997 
 126.49 
126.644 
132.607 
131.929 
126.136 
127.175 
  126.1 
131.498 
126.759 
131.597 
130.979 
128.654 
128.035 
129.411 
129.627 
128.102 
131.677 
131.427 
130.507 
125.184 
129.201 
129.792 
127.805 
131.673 
131.738 
125.831 
127.284 
128.317 
129.569 
127.876 
128.142 
126.375 
125.872 
130.809 
127.096 
131.897 
127.099 
128.215 
127.924 
131.291 
130.015 
128.448 
129.168 
126.555 
127.448 
 129.23 
126.537 
 132.08 
128.506 
128.985 
127.237 
127.543 
127.616 
127.378 
131.166 
125.341 
129.434 
 126.09 
131.504 
132.231 
127.622 
125.939 
127.423 
126.974 
127.172 
127.375 
 125.91 
131.245 
132.262 
124.998 
128.548 
 126.86 
 125.98 
133.084 
128.249 
126.863 
126.631 
127.456 
132.392 
127.586 
129.352 
128.834 
127.247 
 130.56 
127.682 
132.488 
127.785 
126.405 
125.929 
126.796 
128.286 
126.385 
131.262 
127.916 
130.511 
 127.44 
126.191 
127.503 
131.198 
132.179 
 132.03 
 129.63 
127.895 
126.939 
131.282 
126.512 
126.298 
131.913 
127.727 
133.502 
127.019 
132.787 
132.294 
132.656 
127.826 
 127.12 
132.411 
126.324 
128.322 
127.968 
 129.19 
 126.86 
130.585 
128.804 
127.533 
131.852 
132.289 
132.014 
127.079 
128.059 
126.911 
131.275 
131.613 
126.062 
131.627 
130.388 
128.381 
130.913 
132.073 
126.881 
131.257 
132.107 
133.442 
125.883 
 127.91 
131.017 
128.907 
128.853 
126.791 
127.102 
127.531 
129.593 
134.848 
132.121 
131.747 
126.397 
126.861 
125.719 
128.592 
128.675 
127.571 
126.967 
124.876 
129.135 
127.537 
128.127 
126.704 
127.445 
127.814 
126.926 
129.191 
126.448 
130.534 
127.425 
131.577 
126.851 
131.166 
130.793 
127.215 
125.928 
128.041 
127.576 
125.931 
125.517 
  127.3 
128.297 
127.287 
128.133 
130.928 
132.355 
130.768 
127.863 
129.079 
126.833 
131.792 
126.875 
127.996 
131.696 
130.717 
 127.39 
131.225 
130.772 
129.547 
129.148 
127.298 
128.836 
126.735 
130.618 
125.967 
126.945 
129.544 
130.828 
133.055 
128.873 
 127.91 
  126.8 
132.514 
136.775 
127.403 
132.144 
127.166 
128.601 
128.725 
132.387 
129.072 
132.199 
126.453 
127.333 
128.662 
131.049 
126.203 
131.584 
128.443 
128.612 
127.841 
130.769 
130.503 
128.279 
127.366 
128.753 
126.191 
127.755 
132.383 
127.091 
130.522 
132.603 
131.225 
131.197 
132.078 
127.217 
139.097 
129.711 
131.605 
126.687 
126.887 
132.481 
127.415 
131.928 
127.325 
125.416 
126.977 
129.168 
130.356 
131.662 
131.411 
132.439 
126.154 
131.293 
128.807 
132.736 
131.767 
128.593 
 127.91 
127.557 
131.856 
131.932 
130.654 
132.647 
132.613 
132.754 
131.403 
125.918 
127.381 
128.746 
131.419 
129.228 
131.537 
 130.47 
 127.76 
126.811 
129.244 
131.962 
130.366 
 127.64 
126.642 
127.369 
131.175 
132.914 
132.528 
130.708 
126.169 
127.684 
129.791 
132.019 
129.665 
126.981 
130.752 
 131.62 
127.284 
127.172 
128.169 
127.355 
128.705 
126.915 
127.103 
126.785 
131.863 
126.857 
127.074 
132.073 
128.032 
126.816 
 127.33 
 132.24 
 127.16 
129.338 
129.616 
127.444 
128.568 
126.212 
129.432 
131.783 
132.525 
126.861 
127.206 
127.672 
132.453 
128.033 
129.494 
 134.01 
131.246 
 131.31 
127.174 
128.065 
131.159 
  132.5 
130.914 
134.619 
131.626 
126.871 
126.865 
 130.47 
127.203 
126.953 
129.698 
128.789 
129.975 
126.346 
127.214 
127.402 
126.148 
127.424 
 131.25 
127.427 
132.062 
127.608 
126.637 
131.925 
130.149 
131.457 
 124.73 
132.133 
127.607 
125.495 
126.518 
132.999 
132.195 
126.089 
126.684 
129.995 
 131.23 
127.486 
129.901 
132.131 
125.942 
  133.1 
 128.22 
126.619 
131.378 
 127.74 
131.024 
  133.8 
128.407 
125.481 
125.937 
 131.21 
128.124 
127.203 
131.057 
136.987 
126.735 
127.521 
125.718 
127.004 
130.586 
  126.6 
127.799 
127.453 
 131.72 
129.115 
131.528 
129.511 
 127.49 
132.446 
127.677 
127.355 
130.402 
126.834 
129.438 
126.606 
126.133 
131.847 
127.632 
127.849 
132.059 
128.303 
131.651 
127.643 
128.916 
125.233 
127.707 
131.157 
130.162 
 129.34 
127.323 
128.643 
126.683 
128.221 
 131.61 
128.235 
138.456 
128.656 
 128.27 
131.781 
127.561 
137.429 
128.247 
127.219 
129.715 
128.064 
129.119 
132.717 
128.763 
130.235 
132.531 
129.409 
126.518 
126.118 
128.304 
127.249 
126.335 
129.487 
131.499 
128.898 
 127.55 
129.081 
126.198 
128.957 
131.027 
 127.85 
127.029 
132.286 
 127.37 
 132.69 
127.064 
126.984 
131.434 
131.861 
132.198 
132.097 
132.265 
 126.25 
 126.16 
127.796 
130.592 
132.114 
130.988 
129.763 
 132.17 
130.608 
131.359 
131.023 
131.006 
131.904 
127.558 
132.489 
137.243 
130.298 
131.409 
130.755 
132.529 
132.655 
 127.56 
131.238 
131.394 
 128.01 
127.569 
126.137 
127.049 
127.571 
131.825 
126.916 
127.727 
132.581 
131.301 
129.777 
131.726 
131.736 
127.627 
 129.52 
125.555 
 127.65 
131.898 
128.395 
127.532 
129.545 
126.889 
130.965 
126.947 
128.865 
126.974 
130.788 
 126.66 
128.213 
126.877 
131.852 
126.814 
130.873 
127.633 
126.346 
129.612 
126.769 
 125.92 
128.873 
127.372 
127.701 
128.046 
126.422 
131.951 
127.344 
 126.79 
128.362 
128.902 
131.863 
127.238 
131.716 
132.261 
126.858 
126.999 
132.071 
130.118 
127.104 
129.838 
127.734 
126.386 
127.501 
128.132 
131.905 
128.755 
126.803 
133.483 
127.344 
132.153 
127.649 
131.172 
132.088 
126.437 
127.055 
127.574 
127.491 
132.323 
127.176 
126.851 
124.435 
126.859 
132.545 
132.221 
