630.792 
634.236 
631.406 
631.426 
631.302 
630.706 
626.723 
625.918 
632.119 
629.845 
633.153 
628.965 
 631.42 
587.339 
634.515 
635.969 
628.932 
630.794 
627.824 
627.269 
634.628 
624.191 
632.489 
630.478 
629.162 
631.552 
648.093 
625.302 
637.993 
634.813 
625.768 
630.914 
 583.51 
599.184 
630.589 
627.565 
633.206 
629.706 
633.352 
637.841 
621.708 
640.875 
637.544 
625.823 
626.338 
 633.58 
633.072 
630.044 
632.556 
635.131 
628.031 
631.807 
635.192 
630.249 
619.412 
631.655 
578.958 
620.767 
628.929 
635.556 
629.324 
625.178 
629.613 
634.947 
617.238 
630.275 
640.231 
631.299 
628.755 
631.333 
634.453 
636.799 
636.177 
626.131 
622.362 
635.615 
625.884 
632.182 
634.074 
595.477 
619.884 
630.238 
633.007 
630.041 
 636.73 
626.337 
635.521 
632.461 
629.218 
619.057 
621.956 
619.806 
 628.59 
630.395 
633.129 
635.187 
626.459 
 630.89 
631.615 
630.373 
630.609 
622.534 
631.616 
619.624 
 630.84 
631.085 
626.901 
632.342 
634.954 
636.506 
 632.03 
636.469 
632.145 
635.894 
636.836 
 632.73 
594.388 
626.394 
630.296 
631.707 
617.809 
629.408 
652.957 
627.291 
 627.66 
636.452 
632.452 
629.255 
636.588 
631.659 
596.922 
630.301 
637.362 
 619.56 
629.903 
631.224 
597.816 
633.048 
 593.99 
631.595 
630.291 
636.506 
633.398 
630.584 
630.988 
636.198 
622.416 
615.656 
625.407 
 633.59 
636.594 
628.904 
627.391 
626.865 
629.908 
590.512 
620.965 
589.494 
633.639 
625.906 
631.622 
631.035 
588.391 
 632.78 
619.392 
582.918 
587.512 
627.868 
620.432 
630.378 
595.533 
631.874 
634.252 
629.142 
629.719 
633.808 
631.844 
624.368 
636.503 
635.534 
632.949 
637.972 
630.211 
589.055 
623.809 
573.246 
625.552 
634.664 
627.582 
633.187 
631.272 
634.108 
587.321 
599.369 
636.314 
580.518 
634.361 
631.393 
