719.942 
704.882 
687.726 
737.188 
 735.25 
713.769 
739.181 
740.441 
698.102 
726.897 
737.765 
696.866 
725.239 
744.419 
684.698 
744.805 
727.478 
 708.12 
741.223 
735.607 
681.338 
708.517 
741.468 
726.943 
715.842 
719.863 
 712.78 
727.377 
733.487 
691.666 
 741.17 
718.589 
725.468 
707.045 
742.822 
713.252 
720.495 
 739.26 
710.355 
737.763 
721.637 
725.612 
735.836 
685.427 
743.747 
 717.71 
735.959 
 739.68 
736.125 
708.606 
736.716 
696.569 
743.653 
712.784 
724.717 
741.651 
689.205 
739.632 
737.395 
701.392 
707.012 
715.678 
 742.88 
695.861 
744.223 
696.738 
709.992 
697.513 
724.837 
743.146 
692.263 
 730.98 
686.938 
696.943 
701.565 
723.613 
739.037 
695.609 
744.944 
707.941 
711.912 
735.694 
 693.92 
728.466 
685.703 
723.337 
736.002 
 706.47 
724.817 
727.834 
 731.53 
708.735 
727.178 
 697.76 
715.191 
712.619 
684.995 
739.777 
697.365 
744.142 
740.038 
699.211 
708.337 
701.615 
736.625 
 736.38 
  686.1 
724.155 
737.823 
742.158 
723.669 
716.512 
694.905 
745.381 
 705.84 
743.059 
696.214 
735.017 
688.866 
 712.37 
738.751 
696.768 
734.954 
744.302 
686.125 
736.885 
736.138 
711.815 
734.499 
726.662 
739.802 
734.854 
694.868 
701.613 
697.108 
718.581 
 693.17 
725.967 
716.073 
 687.12 
746.471 
734.423 
730.856 
714.017 
 697.39 
737.747 
