630.765 
632.581 
622.531 
635.029 
633.578 
634.964 
632.654 
630.574 
631.735 
 631.33 
 631.58 
 633.93 
628.394 
632.111 
628.446 
632.712 
633.638 
638.071 
619.412 
629.938 
632.536 
632.857 
628.808 
631.786 
632.277 
625.034 
633.554 
629.103 
631.909 
633.458 
629.269 
625.994 
619.874 
629.868 
628.647 
635.706 
637.841 
624.117 
622.919 
632.168 
  632.9 
635.499 
633.461 
635.992 
635.113 
 636.11 
632.085 
630.011 
634.627 
631.646 
630.866 
627.859 
631.854 
614.245 
632.727 
632.729 
631.372 
635.057 
631.875 
615.449 
630.698 
634.089 
633.692 
633.507 
632.802 
 625.95 
622.515 
 636.91 
634.169 
630.511 
633.423 
635.748 
633.978 
628.495 
633.568 
635.825 
629.683 
631.716 
628.659 
638.831 
633.734 
631.405 
    618 
634.726 
632.695 
634.693 
634.248 
621.955 
632.734 
616.197 
628.871 
635.712 
634.118 
633.402 
628.122 
632.814 
638.238 
632.731 
628.544 
636.744 
 634.89 
641.147 
 632.22 
632.129 
 631.87 
628.487 
633.634 
631.977 
631.797 
616.618 
633.918 
634.614 
632.908 
632.722 
 631.57 
632.144 
627.723 
632.254 
635.099 
613.646 
631.765 
627.873 
636.174 
633.191 
627.738 
632.908 
632.193 
633.336 
630.901 
646.664 
632.217 
641.476 
633.649 
636.249 
629.857 
635.517 
 632.13 
611.727 
628.999 
 636.29 
625.875 
633.961 
623.047 
 625.39 
635.436 
633.051 
635.718 
629.324 
627.245 
631.944 
627.307 
631.518 
634.949 
630.148 
629.807 
633.419 
633.256 
632.564 
636.166 
635.028 
630.042 
631.146 
623.301 
633.626 
 632.71 
631.255 
626.246 
626.735 
632.402 
621.358 
633.041 
 633.72 
628.823 
 634.89 
629.926 
632.486 
632.939 
632.976 
630.566 
631.222 
635.063 
631.688 
634.271 
634.068 
633.331 
633.227 
638.584 
644.677 
629.661 
640.793 
629.681 
627.692 
635.844 
628.512 
632.527 
635.264 
634.065 
630.661 
