763.446 
 765.66 
761.144 
702.698 
772.621 
762.282 
760.214 
769.356 
747.908 
701.416 
742.957 
693.799 
763.289 
779.994 
694.929 
774.235 
772.895 
753.792 
754.836 
702.648 
754.531 
768.305 
 768.35 
759.212 
 698.57 
707.019 
753.845 
773.171 
771.321 
701.899 
705.558 
761.592 
704.155 
703.298 
761.874 
706.884 
763.768 
 715.05 
721.143 
702.066 
703.594 
761.262 
710.446 
759.649 
699.479 
706.577 
777.554 
704.083 
712.486 
760.995 
772.767 
755.847 
741.147 
702.712 
702.866 
762.538 
777.571 
767.592 
782.002 
689.276 
764.536 
703.543 
726.686 
701.538 
759.597 
746.145 
751.585 
761.923 
 759.99 
760.877 
748.621 
766.862 
703.358 
702.694 
771.163 
706.352 
759.578 
709.638 
761.202 
757.677 
752.109 
706.936 
706.054 
700.057 
711.128 
771.219 
707.267 
701.148 
761.622 
769.868 
702.362 
703.079 
 775.94 
698.567 
762.388 
700.791 
762.081 
 768.85 
708.453 
721.359 
763.061 
777.532 
696.432 
753.552 
773.754 
759.337 
699.713 
703.882 
725.443 
 757.72 
754.337 
751.216 
769.022 
705.394 
 764.49 
 705.88 
699.585 
703.433 
753.851 
752.518 
706.756 
771.775 
763.277 
779.387 
759.508 
708.637 
703.948 
774.407 
768.211 
708.432 
748.147 
756.846 
773.372 
767.308 
697.091 
778.319 
771.812 
710.771 
775.095 
761.564 
715.642 
754.616 
769.914 
712.282 
711.135 
697.643 
696.241 
768.438 
758.898 
754.561 
 762.06 
761.593 
759.246 
767.551 
785.032 
712.261 
760.259 
768.956 
709.699 
751.174 
753.507 
 757.09 
696.779 
721.224 
700.082 
697.026 
761.096 
712.964 
703.996 
705.061 
754.169 
703.817 
759.037 
 698.51 
701.925 
767.876 
749.736 
705.304 
707.525 
766.445 
773.747 
701.641 
  711.2 
697.695 
773.002 
703.612 
763.865 
760.398 
757.314 
763.809 
699.123 
774.125 
760.764 
711.371 
770.698 
750.555 
711.243 
692.118 
