643.245 
634.886 
634.023 
632.638 
634.752 
633.475 
632.837 
631.648 
630.297 
 633.31 
 614.41 
614.306 
629.325 
 630.77 
632.134 
630.535 
626.221 
632.461 
631.433 
593.854 
618.126 
633.493 
627.613 
593.817 
630.269 
630.743 
630.098 
631.443 
627.364 
631.378 
631.767 
631.176 
632.137 
633.034 
632.993 
627.346 
632.486 
636.481 
631.736 
631.873 
633.047 
640.034 
631.775 
626.818 
633.311 
607.639 
636.692 
631.326 
618.109 
 625.72 
  634.1 
627.129 
630.107 
628.753 
625.466 
 630.53 
625.786 
631.587 
634.637 
635.528 
630.486 
    631 
628.342 
631.983 
 631.17 
626.893 
 632.06 
632.156 
614.451 
630.881 
630.084 
632.703 
630.479 
632.201 
 628.58 
631.876 
630.473 
633.827 
631.825 
631.935 
 632.79 
628.965 
 627.16 
621.635 
630.325 
634.787 
630.655 
626.939 
631.625 
606.806 
631.136 
632.197 
 597.81 
632.351 
631.409 
 618.73 
 627.44 
632.743 
630.252 
632.261 
630.518 
629.847 
633.777 
600.616 
631.122 
631.445 
625.994 
631.187 
631.514 
 607.74 
633.474 
639.027 
632.589 
633.731 
630.515 
633.313 
631.223 
632.664 
627.252 
629.409 
632.122 
630.794 
631.457 
630.433 
609.922 
 631.31 
632.185 
631.152 
636.081 
631.513 
630.485 
  630.5 
630.737 
580.272 
629.431 
631.153 
632.929 
632.941 
631.148 
627.467 
631.655 
629.656 
630.621 
632.384 
632.172 
625.509 
627.089 
634.583 
601.897 
627.239 
623.563 
631.075 
631.311 
615.003 
 635.18 
631.241 
627.652 
635.117 
633.637 
632.708 
644.441 
632.653 
 630.38 
633.843 
628.776 
629.579 
 628.23 
 631.52 
632.848 
631.662 
631.923 
631.237 
630.306 
 625.62 
632.426 
 626.09 
629.072 
622.281 
630.734 
631.084 
631.794 
632.664 
634.368 
629.269 
634.072 
 629.07 
630.755 
624.585 
637.461 
631.226 
618.135 
632.458 
632.003 
 631.69 
631.935 
598.346 
629.834 
625.471 
