744.267 
730.471 
716.953 
700.787 
679.963 
711.223 
709.298 
711.239 
730.144 
742.827 
712.264 
685.863 
683.932 
 706.01 
715.974 
742.889 
731.328 
739.737 
710.313 
706.745 
743.312 
741.205 
704.558 
709.411 
685.208 
743.226 
725.036 
732.931 
739.479 
703.976 
739.263 
730.561 
740.049 
  740.9 
679.736 
710.025 
 740.59 
720.933 
744.822 
717.459 
709.837 
726.293 
745.361 
737.532 
703.204 
746.651 
708.083 
735.727 
725.325 
741.858 
684.746 
701.532 
740.411 
731.736 
731.816 
 728.62 
745.375 
731.365 
677.848 
739.197 
743.532 
739.312 
739.218 
722.352 
729.638 
 679.61 
 683.66 
735.004 
702.845 
732.831 
711.168 
747.282 
746.261 
716.133 
704.443 
710.281 
705.143 
725.414 
739.715 
711.179 
741.058 
737.651 
705.033 
744.641 
736.087 
733.997 
 724.53 
685.873 
 723.82 
696.223 
709.714 
742.232 
 725.23 
713.775 
 708.52 
728.551 
738.501 
735.942 
739.081 
700.358 
743.865 
679.783 
708.891 
726.806 
738.918 
725.191 
743.651 
 698.85 
696.158 
684.274 
747.265 
704.173 
703.661 
683.132 
731.596 
737.701 
704.842 
711.681 
738.746 
711.354 
681.182 
739.802 
743.139 
742.754 
 741.45 
703.421 
727.232 
713.676 
725.389 
697.306 
736.848 
 685.42 
734.543 
717.505 
706.683 
686.401 
710.072 
702.869 
684.192 
728.135 
704.211 
715.367 
680.164 
 739.25 
  726.6 
730.173 
682.979 
700.962 
 744.84 
712.595 
741.753 
708.829 
 733.44 
710.802 
707.272 
739.531 
730.032 
707.022 
741.042 
701.526 
682.836 
707.294 
699.805 
703.102 
731.322 
724.586 
709.938 
 706.16 
684.059 
701.181 
    688 
737.886 
681.811 
706.758 
700.611 
717.102 
741.706 
688.591 
743.974 
 731.31 
682.046 
704.759 
705.126 
713.115 
699.928 
706.758 
730.801 
730.336 
685.363 
745.642 
735.518 
 742.72 
704.317 
728.916 
 739.56 
733.595 
738.827 
725.893 
