739.769 
727.088 
735.885 
745.007 
729.033 
726.964 
734.346 
743.755 
737.856 
750.395 
742.347 
744.858 
742.713 
 737.57 
730.685 
738.594 
 740.81 
725.178 
730.778 
731.233 
745.208 
  714.5 
733.629 
746.155 
719.544 
734.054 
748.964 
 743.34 
741.917 
722.446 
 720.32 
742.389 
738.386 
733.339 
735.308 
744.367 
724.413 
725.812 
739.512 
734.186 
734.152 
745.253 
743.043 
743.805 
731.574 
731.198 
 720.61 
746.932 
743.704 
735.606 
746.426 
720.829 
744.588 
746.218 
749.926 
741.917 
724.461 
 736.48 
738.443 
735.918 
745.511 
732.891 
738.629 
740.989 
734.717 
737.387 
 742.76 
733.988 
734.124 
730.945 
733.438 
735.373 
  728.5 
728.541 
732.471 
738.736 
736.112 
734.293 
733.164 
743.617 
721.103 
725.988 
740.682 
743.635 
716.931 
741.928 
742.089 
723.653 
721.976 
733.657 
731.065 
743.342 
738.312 
735.645 
743.128 
742.514 
738.254 
741.011 
734.484 
742.588 
729.444 
743.136 
738.365 
716.615 
741.374 
731.077 
743.975 
736.937 
733.378 
737.391 
748.528 
733.911 
735.249 
745.005 
745.966 
743.912 
744.945 
 746.51 
736.459 
736.521 
732.508 
741.792 
731.714 
739.849 
736.025 
744.515 
738.029 
721.631 
737.608 
743.619 
730.656 
736.916 
739.597 
748.664 
742.718 
728.922 
729.161 
738.629 
733.874 
721.888 
743.191 
731.683 
735.643 
737.289 
737.423 
743.056 
739.412 
734.153 
733.669 
732.201 
737.543 
724.106 
737.494 
747.542 
745.707 
732.648 
744.941 
 734.12 
745.697 
 742.03 
 742.16 
735.877 
740.997 
 740.84 
733.755 
744.557 
726.448 
731.617 
 744.31 
742.615 
734.884 
 723.86 
744.697 
 732.26 
 734.71 
734.462 
727.279 
732.773 
731.113 
 735.24 
735.659 
732.454 
728.868 
737.284 
733.218 
742.612 
732.556 
746.667 
738.606 
 743.56 
746.483 
732.709 
737.022 
743.651 
736.742 
742.323 
731.224 
742.437 
