749.331 
750.515 
742.975 
750.899 
738.729 
745.274 
743.558 
735.464 
746.953 
753.729 
749.622 
748.644 
750.002 
743.494 
703.782 
744.669 
743.848 
744.516 
749.295 
744.148 
736.487 
749.699 
748.366 
705.186 
746.478 
 738.39 
705.878 
748.054 
736.509 
 703.78 
746.974 
748.779 
748.453 
745.876 
742.288 
750.849 
744.367 
708.855 
745.541 
739.871 
752.927 
750.503 
754.342 
741.792 
745.357 
751.736 
747.552 
 745.17 
743.364 
744.118 
750.716 
740.697 
743.962 
748.232 
739.995 
705.706 
740.778 
741.087 
735.952 
747.369 
741.564 
 703.25 
747.066 
699.537 
742.809 
749.848 
749.102 
706.562 
742.135 
743.821 
745.313 
743.316 
749.388 
739.557 
750.606 
742.495 
742.305 
743.972 
745.703 
735.339 
740.554 
743.861 
740.186 
747.577 
744.445 
704.753 
744.449 
750.858 
748.788 
747.398 
712.987 
749.888 
705.311 
745.556 
751.256 
746.589 
750.183 
 745.21 
738.357 
750.649 
746.169 
744.113 
740.789 
742.319 
746.962 
749.721 
740.975 
745.241 
745.695 
742.681 
747.539 
736.655 
746.429 
755.353 
744.063 
733.231 
747.397 
750.857 
743.165 
704.889 
741.652 
745.802 
 739.89 
733.372 
748.484 
746.128 
745.581 
750.401 
745.797 
749.738 
744.137 
746.919 
742.913 
 707.57 
740.658 
 739.74 
 709.78 
 704.75 
748.736 
743.642 
739.446 
750.888 
748.485 
749.475 
747.205 
745.964 
748.121 
746.762 
750.875 
708.692 
 737.98 
741.823 
740.795 
747.147 
705.335 
744.721 
 748.95 
746.517 
743.277 
745.409 
