715.527 
 730.29 
747.417 
749.082 
743.449 
732.923 
718.796 
717.654 
729.911 
722.332 
716.439 
720.514 
725.118 
 727.98 
728.183 
743.993 
731.039 
746.799 
739.036 
721.059 
742.967 
742.856 
736.642 
722.998 
727.558 
723.085 
721.534 
 748.88 
747.233 
724.696 
714.647 
725.168 
745.613 
719.703 
747.658 
725.556 
743.235 
 744.09 
 724.43 
722.709 
726.864 
 724.22 
721.134 
702.555 
742.452 
713.134 
728.253 
720.718 
715.334 
716.378 
742.662 
742.924 
 721.22 
739.358 
716.931 
724.443 
746.172 
739.828 
720.053 
712.882 
723.931 
730.876 
719.052 
743.345 
724.952 
720.222 
 713.41 
738.966 
742.529 
736.225 
712.336 
744.459 
715.148 
714.921 
718.644 
743.018 
727.626 
729.972 
745.241 
 721.64 
718.292 
738.747 
740.311 
  721.8 
743.169 
744.556 
  746.8 
708.656 
713.343 
721.456 
727.959 
735.422 
719.448 
714.039 
726.431 
 722.72 
715.574 
715.684 
717.619 
716.215 
743.883 
744.784 
737.475 
723.867 
721.238 
740.926 
724.362 
716.535 
728.849 
714.091 
716.681 
713.055 
717.645 
716.095 
726.154 
743.478 
715.819 
729.727 
 719.21 
715.982 
747.255 
 718.59 
733.516 
709.558 
741.575 
 741.85 
 725.71 
742.341 
745.271 
733.174 
721.445 
740.893 
