746.572 
749.002 
1057.619 
757.543 
1061.646 
1017.589 
1087.088 
721.425 
739.714 
 749.74 
1050.544 
1062.071 
1078.368 
997.776 
1032.62 
990.592 
720.233 
758.861 
1053.387 
1067.547 
729.214 
748.817 
1078.68 
747.136 
1090.711 
721.443 
748.473 
748.568 
738.103 
750.084 
1059.128 
1090.985 
1074.942 
751.515 
1088.605 
730.737 
729.676 
1043.541 
1016.963 
1091.164 
1076.923 
 749.48 
1073.209 
1089.575 
1091.741 
1081.347 
 747.83 
734.685 
744.578 
1069.878 
1070.25 
 733.03 
749.335 
981.943 
1038.305 
741.482 
745.766 
995.074 
1008.636 
726.417 
747.635 
744.791 
1074.189 
745.189 
743.772 
 753.96 
1044.203 
745.854 
1072.369 
 967.37 
1062.183 
 980.91 
746.002 
747.743 
1079.156 
751.266 
1032.615 
740.118 
746.634 
1069.504 
1091.327 
1033.311 
1094.002 
1061.484 
1094.554 
1079.674 
1064.314 
751.713 
1079.742 
752.688 
724.958 
1089.48 
1090.757 
750.362 
1040.23 
1085.333 
755.535 
1022.714 
746.861 
1072.235 
747.844 
1094.488 
746.636 
731.852 
1084.902 
1072.688 
1039.105 
729.624 
750.002 
747.895 
1070.651 
746.664 
734.336 
1072.954 
 724.36 
1083.331 
1092.361 
1076.028 
745.065 
1067.898 
1096.119 
984.969 
728.829 
743.877 
740.962 
1093.802 
1091.164 
1094.286 
729.535 
1093.338 
1092.798 
746.377 
744.564 
1091.974 
723.706 
1071.867 
1056.691 
725.322 
748.548 
1071.602 
 982.97 
1093.978 
753.131 
729.409 
1057.207 
719.997 
741.464 
752.039 
1069.461 
748.236 
1088.836 
1029.421 
 744.22 
758.318 
722.441 
745.167 
979.641 
982.993 
718.644 
1076.103 
741.719 
1027.074 
739.769 
729.456 
733.648 
1072.648 
746.802 
755.108 
747.181 
 728.75 
1090.763 
1084.61 
715.683 
1062.099 
744.414 
1071.308 
750.606 
1033.684 
1087.518 
723.154 
731.282 
752.546 
724.194 
760.761 
750.132 
756.166 
747.408 
1092.855 
1088.503 
1088.617 
1024.605 
1090.123 
 721.41 
1091.048 
751.597 
741.037 
