 127.78 
126.902 
126.881 
127.815 
126.077 
123.565 
    127 
126.805 
126.545 
126.844 
127.035 
127.841 
125.352 
 127.23 
126.396 
126.946 
126.965 
 126.56 
126.028 
126.565 
127.402 
126.983 
126.984 
126.887 
127.877 
 126.96 
127.469 
126.834 
127.093 
126.836 
126.466 
 127.14 
127.085 
125.908 
 126.45 
126.935 
126.046 
127.324 
126.929 
127.027 
129.398 
126.997 
126.754 
126.805 
127.282 
127.085 
127.168 
127.173 
 127.77 
 126.67 
126.863 
126.706 
127.249 
 125.46 
126.743 
126.985 
126.528 
126.673 
126.851 
126.789 
 126.66 
126.603 
126.897 
125.835 
126.826 
127.104 
126.643 
126.416 
127.874 
127.162 
127.328 
126.722 
127.119 
126.877 
125.564 
126.875 
125.533 
127.602 
125.836 
127.342 
127.346 
125.894 
 126.71 
126.144 
127.071 
128.742 
126.979 
125.524 
125.936 
126.446 
126.506 
127.172 
127.188 
127.045 
126.392 
126.541 
126.088 
126.089 
127.535 
127.335 
127.043 
126.742 
125.021 
126.979 
126.505 
126.439 
126.662 
126.817 
127.181 
126.956 
126.802 
127.174 
126.052 
127.387 
126.628 
 128.27 
127.908 
126.088 
127.326 
126.648 
125.503 
126.827 
 125.73 
126.848 
126.489 
123.709 
 126.55 
125.821 
127.479 
126.634 
126.885 
 126.78 
126.809 
 127.17 
127.015 
126.605 
125.927 
127.391 
126.674 
126.866 
 126.41 
127.431 
126.736 
127.127 
127.303 
127.694 
125.751 
127.419 
126.663 
127.095 
127.109 
126.484 
126.818 
  128.9 
126.969 
127.347 
126.978 
 126.61 
126.304 
126.831 
126.758 
 126.75 
126.853 
127.674 
 126.96 
126.476 
126.277 
 126.01 
127.033 
127.091 
127.984 
127.029 
 126.72 
125.732 
126.491 
127.058 
126.948 
 127.17 
 126.72 
126.729 
125.529 
125.061 
126.863 
125.707 
125.483 
126.424 
126.525 
128.274 
126.926 
127.475 
126.927 
126.974 
126.688 
127.605 
 126.81 
127.107 
126.671 
127.296 
127.457 
 125.96 
127.009 
126.457 
124.201 
125.545 
 127.08 
127.044 
125.751 
126.771 
127.805 
127.708 
127.177 
125.599 
 121.23 
126.906 
 127.66 
126.668 
127.306 
127.186 
125.251 
126.729 
 126.54 
126.486 
127.234 
126.237 
126.757 
131.426 
119.544 
127.274 
127.039 
126.537 
126.464 
126.371 
127.184 
127.098 
123.971 
127.009 
126.089 
127.151 
 126.16 
127.299 
127.099 
126.802 
126.767 
 126.75 
125.461 
126.854 
127.221 
126.771 
125.384 
 128.04 
127.367 
127.301 
125.849 
127.297 
126.577 
127.339 
125.716 
126.804 
126.624 
127.341 
126.399 
125.269 
 127.07 
127.085 
124.596 
127.172 
127.186 
126.419 
126.861 
126.751 
126.696 
126.881 
126.542 
125.608 
127.468 
129.034 
135.704 
126.896 
  128.4 
127.117 
126.466 
 127.51 
127.402 
126.275 
126.963 
126.584 
125.494 
126.707 
127.297 
127.325 
127.044 
128.087 
 126.72 
127.119 
126.706 
126.165 
126.917 
124.933 
124.997 
125.474 
 126.99 
 127.72 
126.582 
127.946 
127.335 
127.817 
125.563 
 126.24 
126.595 
126.925 
126.996 
 126.53 
 127.33 
125.744 
127.163 
127.375 
127.103 
127.753 
 126.42 
  127.2 
127.038 
126.306 
126.947 
126.762 
126.717 
126.635 
127.329 
127.189 
126.917 
127.083 
  125.7 
125.429 
127.491 
  126.8 
125.921 
 125.43 
 127.42 
127.459 
127.426 
126.865 
127.258 
125.995 
123.981 
 126.77 
126.772 
128.008 
127.249 
126.705 
126.709 
 125.97 
126.067 
127.256 
126.067 
127.422 
125.945 
125.755 
127.014 
126.155 
125.667 
  126.2 
125.662 
126.588 
126.726 
126.616 
127.114 
126.463 
125.632 
126.287 
126.918 
126.341 
126.936 
126.998 
127.415 
126.537 
126.906 
126.904 
127.417 
128.258 
127.247 
127.572 
126.502 
126.616 
127.209 
125.768 
126.634 
124.771 
126.611 
126.806 
125.953 
127.674 
127.013 
127.053 
126.844 
  126.8 
126.708 
127.813 
129.664 
126.088 
127.648 
127.906 
126.724 
127.551 
125.007 
126.894 
126.808 
126.825 
126.721 
124.851 
127.479 
126.867 
126.762 
127.024 
126.952 
127.426 
125.826 
128.181 
127.072 
126.814 
127.552 
127.077 
126.244 
127.268 
127.472 
126.389 
127.163 
126.923 
126.121 
127.092 
126.586 
126.703 
126.569 
126.669 
127.388 
127.867 
127.046 
126.886 
126.668 
126.797 
126.954 
127.297 
 127.29 
127.934 
126.274 
 127.66 
127.279 
126.923 
127.684 
125.911 
128.608 
126.185 
126.825 
127.139 
125.991 
126.772 
127.183 
126.005 
126.741 
127.212 
126.837 
126.971 
126.912 
 125.77 
126.907 
127.018 
126.117 
126.576 
127.366 
127.233 
124.861 
135.081 
127.567 
127.051 
127.476 
127.962 
125.655 
127.021 
128.202 
126.914 
127.456 
126.594 
 126.69 
126.446 
126.527 
125.814 
126.533 
126.305 
127.186 
 126.95 
127.058 
126.009 
126.564 
123.235 
127.103 
126.128 
 126.41 
126.984 
126.672 
127.626 
125.143 
126.805 
127.041 
126.892 
 127.95 
 125.42 
127.292 
126.972 
126.898 
 126.71 
126.372 
126.131 
127.202 
127.153 
125.773 
127.073 
126.118 
126.308 
127.695 
126.894 
127.029 
127.387 
126.376 
127.003 
126.747 
127.248 
127.054 
128.783 
126.627 
126.609 
127.513 
127.401 
126.724 
125.939 
139.193 
127.809 
126.694 
 127.14 
126.798 
126.281 
126.603 
126.937 
124.123 
127.218 
126.912 
125.537 
127.147 
127.338 
132.492 
127.085 
126.482 
127.094 
125.398 
127.199 
126.464 
126.477 
126.755 
 126.51 
127.095 
 125.86 
  127.5 
126.706 
125.609 
127.108 
126.487 
127.156 
127.588 
 126.78 
126.958 
125.969 
  126.3 
126.729 
125.144 
127.074 
127.073 
126.572 
126.657 
126.891 
126.469 
126.924 
126.574 
125.528 
126.473 
126.855 
127.204 
126.756 
 125.39 
 126.11 
126.658 
127.069 
126.898 
126.766 
127.086 
127.314 
 126.63 
125.411 
127.486 
126.796 
125.978 
128.477 
127.039 
127.265 
126.044 
 125.31 
 126.24 
 126.28 
124.877 
126.663 
126.806 
127.265 
126.624 
124.064 
127.065 
126.282 
126.887 
126.805 
126.719 
127.901 
126.312 
126.805 
127.368 
127.236 
126.978 
126.198 
127.157 
127.669 
126.687 
126.129 
126.741 
128.358 
126.165 
126.154 
126.944 
 128.21 
126.604 
 126.94 
126.339 
126.465 
 125.88 
130.226 
127.155 
129.738 
126.884 
130.086 
126.358 
126.359 
126.837 
  126.3 
126.598 
126.671 
127.056 
127.291 
126.587 
127.151 
126.921 
 127.79 
127.468 
 126.44 
126.801 
126.914 
 126.72 
125.779 
127.284 
126.443 
126.823 
125.537 
 127.08 
127.419 
126.002 
 127.33 
126.278 
126.236 
125.591 
126.089 
126.537 
125.747 
127.153 
126.437 
 126.64 
126.857 
125.915 
127.831 
126.589 
126.847 
 127.62 
128.234 
127.487 
126.765 
126.628 
125.946 
127.337 
126.164 
126.442 
127.149 
123.463 
127.322 
127.061 
 125.08 
132.314 
 126.86 
126.586 
127.516 
 128.53 
126.233 
126.747 
126.537 
123.582 
127.932 
127.269 
126.793 
 127.55 
126.664 
127.025 
127.333 
125.926 
124.878 
127.529 
125.577 
125.176 
127.685 
125.849 
127.007 
127.086 
126.547 
126.737 
127.467 
127.529 
126.546 
126.797 
127.049 
126.848 
126.319 
126.966 
128.139 
126.843 
126.256 
125.344 
127.117 
127.226 
 126.92 
127.502 
 126.85 
126.699 
126.799 
127.804 
127.172 
125.999 
 125.35 
126.892 
126.515 
127.373 
127.178 
131.424 
127.136 
126.547 
127.003 
136.491 
127.328 
126.448 
128.248 
125.759 
127.428 
127.416 
127.354 
126.873 
127.237 
126.729 
126.451 
127.384 
127.391 
126.369 
126.848 
127.216 
124.317 
126.917 
127.309 
126.203 
127.261 
126.075 
127.136 
127.025 
126.767 
126.799 
127.276 
126.878 
 126.97 
127.179 
123.936 
125.557 
 127.84 
133.773 
 126.83 
127.052 
127.051 
127.527 
126.786 
126.259 
126.922 
125.757 
126.284 
124.669 
126.859 
 125.93 
125.942 
127.022 
125.683 
126.615 
126.965 
127.218 
126.557 
129.262 
126.535 
127.203 
126.625 
127.096 
127.319 
125.708 
126.289 
121.712 
127.379 
127.034 
126.737 
  127.7 
 126.91 
  126.3 
126.925 
127.258 
126.105 
126.828 
  129.3 
127.506 
126.908 
126.771 
126.677 
127.029 
126.575 
126.894 
126.242 
126.372 
127.359 
125.791 
126.519 
126.691 
126.326 
127.608 
126.694 
126.415 
126.658 
127.862 
126.563 
127.892 
127.301 
126.638 
127.127 
127.302 
127.344 
124.447 
126.764 
126.353 
127.278 
126.623 
126.774 
 126.98 
126.824 
127.056 
127.946 
127.111 
127.163 
125.274 
126.814 
126.982 
125.706 
126.555 
127.259 
127.846 
  126.4 
127.795 
127.675 
127.245 
126.929 
127.131 
 127.84 
126.324 
125.648 
127.446 
124.123 
126.371 
127.067 
 125.66 
126.375 
127.195 
127.396 
128.529 
 127.04 
127.241 
127.524 
126.655 
126.444 
125.926 
126.346 
126.967 
127.814 
127.994 
144.547 
 125.93 
126.346 
128.122 
127.553 
 127.04 
126.586 
126.921 
127.059 
125.497 
126.779 
126.752 
 125.59 
126.687 
127.126 
125.372 
124.221 
 127.11 
123.812 
126.365 
126.867 
 126.08 
 126.72 
127.793 
127.161 
125.613 
126.239 
127.377 
126.679 
127.263 
127.443 
126.905 
126.393 
126.449 
 126.29 
126.476 
125.812 
127.078 
127.246 
127.423 
127.783 
127.146 
127.368 
126.906 
126.399 
125.475 
128.576 
125.549 
125.607 
126.523 
127.208 
126.919 
126.226 
126.566 
126.492 
 127.09 
127.003 
127.268 
126.296 
127.376 
125.777 
125.838 
132.574 
128.078 
127.171 
126.697 
126.089 
126.987 
127.138 
127.168 
126.714 
126.178 
127.084 
126.861 
127.009 
126.153 
126.738 
126.721 
127.023 
125.944 
 127.18 
127.769 
127.232 
126.976 
127.098 
127.142 
126.849 
127.154 
126.665 
