732.385 
 746.43 
 590.44 
597.523 
732.201 
743.298 
732.695 
734.802 
737.142 
724.687 
594.292 
731.358 
731.612 
609.841 
740.109 
734.446 
 579.72 
741.853 
742.041 
598.679 
727.731 
586.801 
725.228 
577.831 
744.362 
744.716 
586.865 
729.471 
723.138 
747.993 
 587.21 
732.794 
 573.07 
747.891 
736.079 
724.033 
731.218 
724.442 
592.834 
 732.32 
730.812 
734.046 
732.816 
736.186 
724.201 
587.287 
733.554 
739.781 
730.683 
734.417 
  725.8 
592.164 
595.837 
590.754 
749.038 
  733.7 
731.044 
737.118 
729.482 
593.347 
590.267 
723.456 
 746.59 
594.471 
591.364 
725.789 
609.413 
586.152 
730.003 
741.632 
723.673 
569.071 
747.867 
587.931 
592.777 
594.264 
595.644 
727.664 
736.988 
733.361 
737.332 
726.388 
734.151 
601.838 
592.675 
 580.32 
734.352 
722.759 
751.141 
731.452 
747.009 
 590.75 
747.978 
746.773 
730.482 
598.215 
739.683 
728.184 
734.227 
727.435 
731.689 
732.193 
746.145 
593.054 
580.221 
 629.94 
572.922 
586.527 
748.003 
588.075 
734.146 
744.791 
733.869 
737.106 
587.515 
736.801 
592.438 
727.497 
595.864 
 599.82 
601.327 
594.492 
723.241 
747.822 
 580.17 
586.793 
 585.28 
744.263 
732.331 
594.091 
590.529 
727.493 
592.719 
737.313 
730.075 
726.903 
572.368 
594.622 
587.299 
731.529 
728.326 
724.529 
573.834 
747.371 
733.645 
751.152 
590.911 
620.487 
725.665 
567.073 
750.404 
581.993 
591.965 
572.053 
593.236 
586.516 
714.675 
736.135 
582.889 
589.709 
746.079 
 599.09 
584.577 
 734.45 
594.512 
735.307 
730.953 
739.453 
586.931 
 593.11 
741.555 
  752.3 
591.638 
595.796 
747.566 
731.433 
588.515 
728.719 
734.764 
595.071 
 586.75 
605.497 
747.765 
569.139 
 732.07 
726.862 
732.033 
731.113 
573.763 
716.279 
 571.16 
731.905 
753.897 
743.774 
733.666 
728.433 
737.984 
736.623 
